ZEVS_GROM
Vesrion 1
Date: 07/19/25
Day: Saturday
Month: July
Time: 19:06:16
________________________________________________________________
7
1 1985.00 0 0
7
1 1985.00 0 1
7
1 1985.00 0 2
1 0.00 0 -1
1 1985.00 0 3
1 0.00 0 -1
1 1985.00 0 4
1 0.00 0 -1
1 1985.00 0 5
22 1985.00 0 0
22 1985.00 4 -1
1 0.00 0 -1
20 4 56
15 0 120
22 1985.00 0 1
22 1985.00 4 -1
1 0.00 0 -1
21 4 74
15 0 108
1 0.00 0 -1
22 1985.00 0 2
22 1985.00 0 1
5
3
1 1985.00 0 3
22 1985.00 0 3
1 1985.00 0 50
22 1985.00 0 50
6
15 0 117
1 10.00 0 -1
1 1986.00 0 -1
6
15 0 330
22 1985.00 0 1
22 1985.00 0 1
4
1 4.00 0 -1
22 1985.00 0 0
4
22 1985.00 0 2
4
3
1 1985.00 0 6
22 1985.00 0 6
22 1985.00 4 -1
1 0.00 0 -1
18 4 166
15 0 178
1 10.00 0 -1
1 1986.00 0 -1
6
15 0 330
22 1985.00 0 6
22 1985.00 4 -1
1 0.00 0 -1
20 4 196
15 0 235
1 0.00 0 -1
22 1985.00 0 1
1 2.00 0 -1
22 1985.00 0 0
4
5
3
1 1985.00 0 3
22 1985.00 0 3
1 1985.00 0 50
22 1985.00 0 50
6
15 0 330
22 1985.00 0 6
1 0.50 0 -1
9
1 1985.00 0 7
1 0.00 0 -1
22 1985.00 0 1
3
22 1985.00 0 7
2
1 2.00 0 -1
22 1985.00 0 0
4
5
1 1985.00 0 4
1 0.00 0 -1
22 1985.00 0 1
3
22 1985.00 0 7
3
1 2.00 0 -1
22 1985.00 0 0
4
5
1 1985.00 0 5
22 1985.00 0 4
22 1985.00 0 5
1 1985.00 0 50
1 1985.00 0 51
22 1985.00 0 51
6
22 1985.00 0 50
6
13
